This file is created from codes.ada routine supplied by A.Voegler together with the OPAL EOS.
The only reference found for Cowley's PF is in 2001A&A...374..265W:
  Cowley, C. R., 1998,  ftp://astro.lsa.umich.edu/pub/get/cowley/partition/bolpfn.f
NOTE: in 2013 this link does not exist any more.
   1   0    2.000000  -10.030600    2.565610    3.254770   -5.962050   -2.000000     13.5990
   1   1    1.000000    0.000000    0.000000    0.000000    0.000000    0.000000      0.0000
   1   2    0.000000    0.000000    0.000000    0.000000    0.000000    0.000000      0.0000
   1   3    0.000000    0.000000    0.000000    0.000000    0.000000    0.000000      0.0000
   2   0    1.000000   -8.583840    1.501500   -4.116670   -5.290530   -0.800000     24.5880
   2   1    2.000000    0.000000    0.000000    0.000000    0.000000    0.000000     54.4180
   2   2    1.000000    0.000000    0.000000    0.000000    0.000000    0.000000      0.0000
   2   3    0.000000    0.000000    0.000000    0.000000    0.000000    0.000000      0.0000
   3   0    2.000000   -2.434860   -4.978200   -0.871933   -0.340815   -0.100000      5.3920
   3   1    1.000000   -9.210340    0.000000    0.000000    0.000000    0.800000     75.6410
   3   2    2.000000   -9.210340    0.000000    0.000000    0.000000    0.800000    122.4550
   3   3    1.000000    0.000000    0.000000    0.000000    0.000000    0.000000      0.0000
   4   0    1.000000   -4.056680   -6.132920   -3.245660   -1.672900   -0.300000      9.3230
   4   1    2.000000   -7.450160   -6.858550    2.541420    4.857460    1.000000     18.2110
   4   2    1.000000   -9.210340    0.000000    0.000000    0.000000    0.800000    153.8960
   4   3    2.000000   -9.210340    0.000000    0.000000    0.000000    0.800000    217.7200
   5   0    2.000000    1.395280    0.079453   -0.043778   -0.386618   -0.800000      8.2980
   5   1    1.000000   -8.689540   -7.251110    5.458320    7.747140    2.000000     25.1550
   5   2    2.000000  -10.576100   -4.422410    9.752050    9.014580    2.000000     37.9310
   5   3    1.000000   -9.210340    0.000000    0.000000    0.000000    0.800000    259.3740
   6   0    1.000000    2.108830   -0.130481    0.027041    0.074253    0.100000     11.2600
   6   1    2.000000    1.370510   -0.009502   -0.030858   -0.039274    0.200000     24.3840
   6   2    1.000000  -11.255700   -4.430280   11.708200   10.717200    2.000000     47.8880
   6   3    2.000000  -10.093200   -0.254819    5.451450    0.351519   -0.600000     64.4940
   7   0    4.000000   -3.150810   -5.680860   -2.702100   -0.591064    0.500000     14.5340
   7   1    1.000000    2.057420   -0.072705    0.054003   -0.007763    0.200000     29.6020
   7   2    2.000000    1.336720   -0.057773   -0.034302    0.021406    0.300000     47.4500
   7   3    1.000000  -10.134900   -0.195533    5.620480    0.267813   -0.700000     77.4740
   8   0    5.000000    1.341850   -0.188490    0.118549    0.197796    0.100000     13.6180
   8   1    4.000000   -5.343490   -7.778510   -3.843910   -1.204070   -0.100000     35.1180
   8   2    1.000000    2.014530   -0.076974    0.002426   -0.045384   -0.800000     54.9360
   8   3    2.000000    1.274700   -0.123845   -0.053128    0.030716    0.300000     77.4140
   9   0    4.000000    0.563188   -0.212251    0.011154    0.328366    0.100000     17.4230
   9   1    5.000000    1.281050   -0.123527    0.014708   -0.097248   -0.300000     34.9710
   9   2    4.000000   -7.571520   -7.182120    3.156920    5.349580    1.000000     62.7090
   9   3    1.000000    1.948050   -0.129352   -0.049427   -0.058654   -0.900000     87.1410
  10   0    1.000000   -8.426840    3.696440   -5.380160  -11.981300   -3.000000     21.5650
  10   1    4.000000    0.469699   -0.225082   -0.111128   -0.030773   -0.300000     40.9630
  10   2    5.000000    1.184820   -0.194748   -0.073837   -0.125315   -0.300000     63.4600
  10   3    4.000000   -9.715370   -7.476760    7.762340    9.986860    2.000000     97.1200
  11   0    2.000000   -2.820020   -6.368870   -0.854382    0.369523    0.800000      5.1390
  11   1    1.000000   -9.702850   -1.804600    2.882280    6.591840    2.000000     47.2870
  11   2    4.000000    0.303686   -0.391247   -0.195402   -0.058574   -0.800000     71.6210
  11   3    5.000000    1.040540   -0.332334   -0.168473   -0.134188   -0.200000     98.9200
  12   0    1.000000   -4.065910   -6.283840   -2.581600   -1.710760   -0.400000      7.6460
  12   1    2.000000   -8.587360   -6.886590    4.912610    6.947350    2.000000     15.0350
  12   2    1.000000   -9.210340    0.000000    0.000000    0.000000    0.800000     80.1440
  12   3    4.000000    0.057561   -0.638495   -0.318897   -0.095615   -0.100000    109.2660
  13   0    2.000000    1.361640    0.159509    0.113701   -0.968272   -0.300000      5.9860
  13   1    1.000000   -8.721080   -7.278810    5.515610    7.950770    2.000000     18.8290
  13   2    2.000000  -10.120600   -2.603620    7.454370    4.836900    0.800000     28.4480
  13   3    1.000000   -9.210340    0.000000    0.000000    0.000000    0.800000    119.9940
  14   0    1.000000    2.167490   -0.035473   -0.164513   -0.664245   -0.100000      8.1520
  14   1    2.000000    1.308160   -0.077815   -0.080171   -0.032924    0.600000     16.3460
  14   2    1.000000  -11.311900   -4.331470   11.802000   10.700600    2.000000     33.4930
  14   3    2.000000  -10.425600    0.675328    5.892370   -0.512796   -1.000000     45.1420
  15   0    4.000000   -0.863211   -3.366630   -1.640880   -0.595993   -0.500000     10.4870
  15   1    1.000000    2.028290   -0.264900    0.045237    0.130511    0.700000     19.7260
  15   2    2.000000    1.225770   -0.177598   -0.087021    0.038947    0.500000     30.2030
  15   3    1.000000  -10.239200    0.064993    5.754980    0.095161   -0.800000     51.4440
  16   0    5.000000    1.385190   -0.287095   -0.129713   -0.227720    0.400000     10.3600
  16   1    4.000000   -1.911800   -4.408030   -2.030430   -0.486030   -0.100000     23.3300
  16   2    1.000000    1.928970   -0.280551    0.008692    0.027739    0.100000     34.8300
  16   3    2.000000    1.112930   -0.291643   -0.130428    0.028504    0.400000     47.3100
  17   0    4.000000    0.459388   -0.269302   -0.294640    0.032381    0.200000     12.9680
  17   1    5.000000    1.212890   -0.445025    0.085071    0.172024    0.700000     23.8140
  17   2    4.000000   -2.844780   -5.274870   -2.506980   -0.736214   -0.900000     39.6100
  17   3    1.000000    1.809350   -0.348178   -0.047747   -0.022558   -0.400000     53.4700
  18   0    1.000000   -9.615380    3.469020    1.208170   -9.554640   -4.000000     15.7600
  18   1    4.000000    0.273458   -0.471042   -0.149259    0.155302    0.900000     27.6300
  18   2    5.000000    1.066820   -0.485879   -0.014190   -0.013091   -0.700000     40.7400
  18   3    4.000000   -3.731120   -6.128000   -2.962070   -0.906638   -0.100000     59.8100
  19   0    2.000000   -1.448520   -5.596720   -0.524609    0.647147    0.100000      4.3410
  19   1    1.000000   -8.587860    1.481980   -4.131830   -5.086740   -0.800000     31.6260
  19   2    4.000000    0.075271   -0.623061   -0.306743   -0.082324   -0.800000     45.7300
  19   3    5.000000    0.882671   -0.613609   -0.119169   -0.086777   -0.200000     60.9100
  20   0    1.000000   -1.752160   -5.120120   -1.529800   -0.761606   -0.200000      6.1130
  20   1    2.000000   -1.576010   -3.985040   -1.953190   -0.640787   -0.300000     11.8720
  20   2    1.000000   -0.000458   -0.002230    0.002481    0.008062    0.300000     50.9140
  20   3    4.000000   -0.197483   -0.900020   -0.439918   -0.110300   -0.700000     67.1000
  21   0    4.000000    2.068350   -1.331220    1.068340    0.584914    0.700000      6.5400
  21   1    3.000000    2.990220   -0.590417    0.045119   -0.016422   -0.300000     12.8000
  21   2    4.000000    1.734710   -0.063325   -0.017945   -0.000591    0.100000     24.7570
  21   3    1.000000    1.609440    0.000000    0.000000    0.000000    0.600000     73.6690
  22   0    5.000000    3.198670   -1.262540    0.727496    0.223805   -0.100000      6.8200
  22   1    4.000000    3.945780   -0.546400    0.112016   -0.020233   -0.100000     13.5800
  22   2    5.000000    2.750090   -0.297441    0.119718    0.043201    0.100000     27.4920
  22   3    4.000000    1.681660   -0.112774   -0.053403   -0.007327    0.200000     43.2670
  23   0    4.000000    3.769380   -0.931123    0.601197   -0.029761   -0.900000      6.7400
  23   1    1.000000    3.750350   -0.751127    0.258427    0.010170   -0.100000     14.6600
  23   2    4.000000    3.132290   -0.376882    0.219816    0.062905    0.200000     29.3110
  23   3    5.000000    2.648520   -0.286430    0.078422   -0.002489   -0.100000     46.7090
  24   0    7.000000    1.219040   -3.012598   -0.074398   -0.177414   -0.113392      6.7660
  24   1    6.000000    0.131457   -4.166799   -1.238965   -0.426810   -0.070282     16.5000
  24   2    1.000000    3.088963   -0.252060    0.272604   -0.101385   -0.044876     30.9600
  24   3    4.000000    3.019842   -0.316588    0.153988   -0.050063   -0.032571     49.1000
  25   0    6.000000   -0.877191   -5.577810   -2.040001   -0.935600   -0.221314      7.4370
  25   1    7.000000   -0.285534   -3.814209   -0.859126   -0.405156   -0.102918     15.6400
  25   2    6.000000   -3.803473   -8.076078   -3.654207   -1.093056   -0.141166     33.6680
  25   3    1.000000    3.021780   -0.190376    0.107819   -0.200472   -0.075824     51.2000
  26   0    9.000000    2.928013   -0.990345    0.662997   -0.091774   -0.111613      7.8710
  26   1   10.000000    3.513406   -0.615512    0.110967   -0.209053   -0.058073     16.1830
  26   2    9.000000    2.589136   -0.307158    0.259347   -0.180574   -0.063825     30.6520
  26   3    6.000000   -5.421318   -9.570103   -4.444834   -1.367055   -0.203711     54.8000
  27   0   10.000000    3.165670   -0.890330    0.132376   -0.412427   -0.100000      7.8600
  27   1    9.000000    3.036170   -0.945432   -0.196010   -0.110034   -0.100000     17.0830
  27   2   10.000000    2.554450   -0.496477    0.072219   -0.070975   -0.900000     33.5000
  27   3   82.000000  -23.000000    0.000000    0.000000    0.000000    0.000000     51.3000
  28   0    9.000000    3.092980   -0.306623    0.041818   -0.618763   -0.200000      7.6350
  28   1    6.000000    1.588940   -1.511600   -0.001802    0.141598    0.500000     18.1690
  28   2    9.000000    2.005440   -0.544724   -0.167218   -0.034968    0.400000     35.1700
  28   3   79.000000  -23.000000    0.000000    0.000000    0.000000    0.000000     54.9000
  29   0    2.000000   -1.082380   -3.267100   -1.505400   -1.159500   -0.300000      7.7260
  29   1    1.000000   -3.624640   -6.588550   -3.237530   -0.851338   -0.100000     20.2960
  29   2    6.000000    0.797098   -0.619652   -0.338618    0.007191    0.100000     36.8400
  29   3    1.000000  -23.000000    0.000000    0.000000    0.000000    0.000000     55.2000
  30   0    1.000000   -7.250450   -6.948190    2.565460    3.834890    1.000000      9.3940
  30   1    2.000000  -10.721300   -4.449210   10.284100    9.241290    2.000000     17.9650
  30   2    1.000000   -9.810390    1.003980    3.481460   -3.165630   -1.000000     39.7240
  30   3    1.000000  -23.000000    0.000000    0.000000    0.000000    0.000000     59.4000
  31   0    2.000000    1.163690   -0.016953   -0.073660   -1.022770   -0.300000      5.9990
  31   1    1.000000  -10.178200   -4.813550    9.029690    8.602370    2.000000     20.5100
  31   2    2.000000  -10.166100    0.085070    5.386340   -0.042507   -0.800000     30.7100
  31   3    1.000000   -8.523030    1.901760   -4.632340   -6.279280   -1.000000     64.0000
  32   0    1.000000    1.903110   -0.349024   -0.219602   -0.475439   -0.900000      7.9000
  32   1    2.000000    0.880893   -0.544169   -0.272980    0.060174    0.100000     15.9350
  32   2    1.000000  -11.133200   -1.191990    9.594820    5.053680    0.600000     34.2200
  32   3    2.000000   -9.881690    3.099800    1.633240   -6.606980   -2.000000     45.7100
  33   0    4.000000   -0.690462   -3.125220   -1.619980   -0.808095   -0.100000      9.8100
  33   1    1.000000    1.588370   -0.703287   -0.141030    0.111544    0.700000     18.5890
  33   2    2.000000    0.543951   -0.863453   -0.408516   -0.053620    0.200000     28.3520
  33   3    1.000000   -9.783170    1.577390    2.721250   -4.144540   -2.000000     50.1400
  34   0    5.000000    0.957011   -0.737344   -0.440856   -0.536892   -0.500000      9.7520
  34   1    4.000000   -1.530930   -4.013810   -1.831580   -0.418547   -0.300000     21.1900
  34   2    1.000000    1.270270   -0.913642   -0.249105   -0.002744    0.100000     30.8210
  34   3    2.000000    0.135295   -1.264800   -0.619569   -0.153391   -0.800000     42.9450
  35   0    4.000000   -0.321606   -0.951964   -0.810697   -0.511282    0.300000     11.8140
  35   1    5.000000    0.554270   -1.244410   -0.317646    0.085203    0.600000     21.8000
  35   2    4.000000   -2.175790   -4.575250   -2.145620   -0.630798   -0.800000     36.0000
  35   3    1.000000    0.720815   -1.344200   -0.469190   -0.123095   -0.100000     47.3000
  36   0    1.000000  -10.074200    1.495400    4.756550   -4.303930   -2.000000     14.0000
  36   1    4.000000   -0.860156   -1.664120   -0.672925    0.212369    0.100000     24.3600
  36   2    5.000000    0.105306   -1.573960   -0.504159   -0.085198    0.600000     36.9500
  36   3    4.000000   -8.545060    4.147800   -5.351380  -12.129200   -3.000000     52.5000
  37   0    2.000000   -1.084950   -6.012760   -0.561142    0.857708    0.200000      4.1770
  37   1    1.000000   -8.508720    3.674410   -5.123470  -11.362700   -3.000000     26.0500
  37   2    4.000000   -1.417450   -2.136040   -1.039840   -0.248001   -0.100000     39.0200
  37   3    1.000000  -23.000000    0.000000    0.000000    0.000000    0.000000     52.6000
  38   0    1.000000   -1.418060   -5.005720   -1.492640   -0.671336   -0.100000      5.6950
  38   1    2.000000   -1.846390   -4.265850   -2.140090   -0.843578   -0.900000     11.0300
  38   2    0.000000  -23.000000    0.000000    0.000000    0.000000    0.000000     42.8840
  38   3    4.000000   -2.086590   -2.798050   -1.387510   -0.393390   -0.400000     56.2800
  39   0    4.000000    2.053850   -1.537220    0.920868    0.570844    0.800000      6.3800
  39   1    1.000000    2.702800   -0.778154    0.021102   -0.045070   -0.100000     12.2400
  39   2    4.000000    1.632320   -0.301714   -0.072064    0.001188    0.100000     20.5250
  39   3    1.000000  -23.000000    0.000000    0.000000    0.000000    0.000000     60.6000
  40   0    5.000000    3.368990   -1.499030    0.366796    0.170443   -0.400000      6.8400
  40   1    4.000000    3.727700   -0.922598   -0.067731   -0.055945   -0.100000     13.1300
  40   2    5.000000    2.629060   -0.650170    0.010950    0.044580    0.100000     22.9900
  40   3    4.000000    1.434650   -0.360580   -0.178801   -0.048353    0.200000     34.4120
  41   0    1.000000  -23.000000    0.000000    0.000000    0.000000    0.000000      6.8800
  41   1    1.000000  -23.000000    0.000000    0.000000    0.000000    0.000000     14.3200
  41   2    1.000000  -23.000000    0.000000    0.000000    0.000000    0.000000     25.0400
  41   3    1.000000  -23.000000    0.000000    0.000000    0.000000    0.000000     38.3000
  42   0    1.000000  -23.000000    0.000000    0.000000    0.000000    0.000000      7.0990
  42   1    1.000000  -23.000000    0.000000    0.000000    0.000000    0.000000     16.1500
  42   2    1.000000  -23.000000    0.000000    0.000000    0.000000    0.000000     27.1600
  42   3    1.000000  -23.000000    0.000000    0.000000    0.000000    0.000000     46.4000
  43   0    1.000000  -23.000000    0.000000    0.000000    0.000000    0.000000      7.2800
  43   1    1.000000  -23.000000    0.000000    0.000000    0.000000    0.000000     15.2600
  43   2    1.000000  -23.000000    0.000000    0.000000    0.000000    0.000000     29.5500
  43   3    1.000000  -23.000000    0.000000    0.000000    0.000000    0.000000     44.0000
  44   0    1.000000  -23.000000    0.000000    0.000000    0.000000    0.000000      7.3700
  44   1    1.000000  -23.000000    0.000000    0.000000    0.000000    0.000000     16.7600
  44   2    9.000000    2.410843   -0.659716    0.910337    0.536770    0.122206     28.4700
  44   3    1.000000  -23.000000    0.000000    0.000000    0.000000    0.000000     50.0000
  45   0    1.000000  -23.000000    0.000000    0.000000    0.000000    0.000000      7.4600
  45   1    1.000000  -23.000000    0.000000    0.000000    0.000000    0.000000     18.0800
  45   2    1.000000  -23.000000    0.000000    0.000000    0.000000    0.000000     31.0600
  45   3    1.000000  -23.000000    0.000000    0.000000    0.000000    0.000000     53.0000
  46   0    1.000000  -23.000000    0.000000    0.000000    0.000000    0.000000      8.3400
  46   1    1.000000  -23.000000    0.000000    0.000000    0.000000    0.000000     19.4300
  46   2    1.000000  -23.000000    0.000000    0.000000    0.000000    0.000000     32.9300
  46   3    1.000000  -23.000000    0.000000    0.000000    0.000000    0.000000     61.0000
  47   0    1.000000  -23.000000    0.000000    0.000000    0.000000    0.000000      7.5760
  47   1    1.000000  -23.000000    0.000000    0.000000    0.000000    0.000000     21.4900
  47   2    1.000000  -23.000000    0.000000    0.000000    0.000000    0.000000     34.8300
  47   3    1.000000  -23.000000    0.000000    0.000000    0.000000    0.000000     61.0000
  48   0    1.000000  -23.000000    0.000000    0.000000    0.000000    0.000000      8.9940
  48   1    1.000000  -23.000000    0.000000    0.000000    0.000000    0.000000     16.9080
  48   2    1.000000  -23.000000    0.000000    0.000000    0.000000    0.000000     37.4800
  48   3    1.000000  -23.000000    0.000000    0.000000    0.000000    0.000000     58.0000
  49   0    1.000000  -23.000000    0.000000    0.000000    0.000000    0.000000      5.7860
  49   1    1.000000  -23.000000    0.000000    0.000000    0.000000    0.000000     18.8700
  49   2    1.000000  -23.000000    0.000000    0.000000    0.000000    0.000000     28.0440
  49   3    1.000000  -23.000000    0.000000    0.000000    0.000000    0.000000     54.0000
  50   0    1.000000  -23.000000    0.000000    0.000000    0.000000    0.000000      7.3440
  50   1    1.000000  -23.000000    0.000000    0.000000    0.000000    0.000000     14.6320
  50   2    1.000000  -23.000000    0.000000    0.000000    0.000000    0.000000     30.5030
  50   3    1.000000  -23.000000    0.000000    0.000000    0.000000    0.000000     40.7350
  51   0    1.000000  -23.000000    0.000000    0.000000    0.000000    0.000000      8.6420
  51   1    1.000000  -23.000000    0.000000    0.000000    0.000000    0.000000     16.5300
  51   2    1.000000  -23.000000    0.000000    0.000000    0.000000    0.000000     25.3000
  51   3    1.000000  -23.000000    0.000000    0.000000    0.000000    0.000000     44.2000
  52   0    1.000000  -23.000000    0.000000    0.000000    0.000000    0.000000      9.0100
  52   1    1.000000  -23.000000    0.000000    0.000000    0.000000    0.000000     18.6000
  52   2    1.000000  -23.000000    0.000000    0.000000    0.000000    0.000000     27.9600
  52   3    1.000000  -23.000000    0.000000    0.000000    0.000000    0.000000     37.4200
  53   0    1.000000  -23.000000    0.000000    0.000000    0.000000    0.000000     10.4510
  53   1    1.000000  -23.000000    0.000000    0.000000    0.000000    0.000000     19.1310
  53   2    1.000000  -23.000000    0.000000    0.000000    0.000000    0.000000     33.0000
  53   3    1.000000  -23.000000    0.000000    0.000000    0.000000    0.000000     44.0000
  54   0    1.000000  -23.000000    0.000000    0.000000    0.000000    0.000000     12.1300
  54   1    1.000000  -23.000000    0.000000    0.000000    0.000000    0.000000     21.2100
  54   2    1.000000  -23.000000    0.000000    0.000000    0.000000    0.000000     32.1000
  54   3    1.000000  -23.000000    0.000000    0.000000    0.000000    0.000000     46.7000
  55   0    1.000000  -23.000000    0.000000    0.000000    0.000000    0.000000      3.8940
  55   1    1.000000  -23.000000    0.000000    0.000000    0.000000    0.000000     25.1400
  55   2    1.000000  -23.000000    0.000000    0.000000    0.000000    0.000000     33.3800
  55   3    1.000000  -23.000000    0.000000    0.000000    0.000000    0.000000     48.0000
  56   0    1.000000    0.446259   -3.205646   -0.781312   -0.863880   -0.382129      5.2120
  56   1    2.000000    0.792029   -1.541363   -0.799597   -0.386775    0.000000     10.0040
  56   2    0.000000    0.000000    0.000000    0.000000    0.000000    0.000000     35.8440
  56   3    1.000000  -23.000000    0.000000    0.000000    0.000000    0.000000     47.1000
  57   0    4.000000    3.083800   -1.532235    0.232101    0.152828    0.000000      5.5770
  57   1    5.000000    3.204129   -0.877936    0.047094   -0.176693   -0.083353     11.0600
  57   2    4.000000    1.665735   -1.009531   -0.232470   -0.007238    0.005667     19.1770
  57   3    1.000000  -23.000000    0.000000    0.000000    0.000000    0.000000     49.9500
  58   0    9.000000    5.202903   -1.983990    0.119673    0.179675    0.000000      5.5390
  58   1    8.000000    5.218928   -1.585842   -0.304452   -0.066017   -0.015114     10.8500
  58   2    9.000000    3.603469   -1.403878   -0.445308   -0.098988   -0.009606     20.1980
  58   3    1.000000  -23.000000    0.000000    0.000000    0.000000    0.000000     36.7600
  59   0   10.000000    4.868526   -3.506093   -1.263076   -0.205264   -0.009137      5.4730
  59   1    9.000000    4.785546   -1.831448   -0.179056    0.139195    0.036925     10.5500
  59   2   10.000000    3.226010   -1.796770    0.447625    0.430133    0.085253     21.6420
  59   3    1.000000  -23.000000    0.000000    0.000000    0.000000    0.000000     38.9800
  60   0    9.000000    4.456882   -2.779176    0.082258    0.506660    0.127326      5.5250
  60   1    8.000000    4.689643   -2.039946    0.171930    0.263920    0.038225     10.7300
  60   2    9.000000    3.427521   -1.250030    1.473573    0.853975    0.137016     22.1000
  60   3    1.000000  -23.000000    0.000000    0.000000    0.000000    0.000000     40.4100
  61   0    1.000000  -23.000000    0.000000    0.000000    0.000000    0.000000      5.5820
  61   1    1.000000  -23.000000    0.000000    0.000000    0.000000    0.000000     10.9000
  61   2    6.000000    3.648676   -1.024213    1.360811    0.549703    0.052613     22.3000
  61   3    1.000000  -23.000000    0.000000    0.000000    0.000000    0.000000     41.1000
  62   0    1.000000    3.549595   -1.851549    0.996400    0.566263    0.000000      5.6440
  62   1    2.000000    4.052404   -1.418222    0.358695    0.161944    0.000000     11.0700
  62   2    1.000000    3.605575    1.446195    4.108012    1.446434    0.130163     23.4000
  62   3    1.000000  -23.000000    0.000000    0.000000    0.000000    0.000000     41.4000
  63   0    8.000000    1.024374   -4.533653   -1.540805   -0.827789   -0.286737      5.6700
  63   1    9.000000    1.927760   -1.506460    0.379584    0.056840    0.000000     11.2410
  63   2    8.000000   -3.849938   -9.110989   -3.320514   -1.276252   -0.263416     24.9200
  63   3    1.000000  -23.000000    0.000000    0.000000    0.000000    0.000000     42.6000
  64   0    5.000000    4.009587   -1.583513    0.800411    0.388845    0.000000      6.1500
  64   1    6.000000    4.362107   -1.208124    0.074813   -0.076453   -0.055475     12.0900
  64   2    5.000000    3.895526   -0.615039   -0.174687   -1.236401   -0.402297     20.6300
  64   3    1.000000  -23.000000    0.000000    0.000000    0.000000    0.000000     44.0000
  65   0   16.000000    4.791661   -1.249355    0.570094    0.240203    0.000000      5.8640
  65   1   15.000000    4.472549   -0.295965   -0.005880   -0.131631    0.000000     11.5200
  65   2   16.000000    3.160658   -2.621443   -0.953348   -0.944755   -0.228898     21.9100
  65   3    1.000000  -23.000000    0.000000    0.000000    0.000000    0.000000     39.7900
  66   0   17.000000    3.029646   -3.121036   -0.086671    0.216214    0.000000      5.9390
  66   1   18.000000    3.465323   -1.270620    0.382265   -0.431447   -0.303575     11.6700
  66   2   17.000000    2.152049   -2.244365    0.965612    0.450940    0.041879     22.8000
  66   3    1.000000  -23.000000    0.000000    0.000000    0.000000    0.000000     41.4700
  67   0    1.000000  -23.000000    0.000000    0.000000    0.000000    0.000000      6.0220
  67   1    1.000000  -23.000000    0.000000    0.000000    0.000000    0.000000     11.8000
  67   2   16.000000    1.779380   -2.488021    0.883442    0.469958    0.049919     22.8400
  67   3    1.000000  -23.000000    0.000000    0.000000    0.000000    0.000000     42.5000
  68   0   13.000000    2.895648   -2.968603   -0.561515   -0.215267   -0.095813      6.1080
  68   1   14.000000    3.202542   -0.852209    0.226622   -0.343738   -0.186042     11.9300
  68   2   13.000000    1.592091   -2.521931    0.435337    0.276316    0.026415     22.7400
  68   3    1.000000  -23.000000    0.000000    0.000000    0.000000    0.000000     42.6500
  69   0    8.000000    1.021172   -4.947570   -1.081603   -0.034811    0.000000      6.1840
  69   1    9.000000    2.173152   -1.295327    1.940395    0.813303    0.000000     12.0500
  69   2    8.000000   -0.600754   -3.336989    1.380025    1.322902    0.273853     23.6800
  69   3    1.000000  -23.000000    0.000000    0.000000    0.000000    0.000000     42.6900
  70   0    1.000000   -2.350549   -6.688837   -1.938690   -0.269237    0.000000      6.2540
  70   1    2.000000   -3.047465   -7.390444   -2.355267   -0.447570    0.000000     12.1840
  70   2    1.000000   -6.113071  -10.326450   -4.411805   -1.055987   -0.117461     25.0500
  70   3    1.000000  -23.000000    0.000000    0.000000    0.000000    0.000000     43.7400
  71   0    4.000000    1.537094   -1.140264    0.608536    0.193362    0.000000      5.4260
  71   1    1.000000   -0.894575   -3.841632   -1.620956   -0.695042   -0.141526     13.9000
  71   2    2.000000    0.229572   -1.999922   -0.953517   -0.299639   -0.040248     20.9550
  71   3    1.000000  -23.000000    0.000000    0.000000    0.000000    0.000000     42.2500
  72   0    1.000000  -23.000000    0.000000    0.000000    0.000000    0.000000      6.6500
  72   1    1.000000  -23.000000    0.000000    0.000000    0.000000    0.000000     14.9000
  72   2    1.000000  -23.000000    0.000000    0.000000    0.000000    0.000000     23.3000
  72   3    1.000000  -23.000000    0.000000    0.000000    0.000000    0.000000     33.3700
  73   0    1.000000  -23.000000    0.000000    0.000000    0.000000    0.000000      7.8900
  73   1    1.000000  -23.000000    0.000000    0.000000    0.000000    0.000000     16.2000
  73   2    1.000000  -23.000000    0.000000    0.000000    0.000000    0.000000     22.0000
  73   3    1.000000  -23.000000    0.000000    0.000000    0.000000    0.000000     33.0000
  74   0    1.000000  -23.000000    0.000000    0.000000    0.000000    0.000000      7.9800
  74   1    1.000000  -23.000000    0.000000    0.000000    0.000000    0.000000     17.7000
  74   2    1.000000  -23.000000    0.000000    0.000000    0.000000    0.000000     24.0000
  74   3    1.000000  -23.000000    0.000000    0.000000    0.000000    0.000000     35.0000
  75   0    1.000000  -23.000000    0.000000    0.000000    0.000000    0.000000      7.8800
  75   1    1.000000  -23.000000    0.000000    0.000000    0.000000    0.000000     16.0000
  75   2    1.000000  -23.000000    0.000000    0.000000    0.000000    0.000000     26.0000
  75   3    1.000000  -23.000000    0.000000    0.000000    0.000000    0.000000     18.0000
  76   0    9.000000    2.394730   -1.940431   -0.092685   -0.174529   -0.080001      8.7000
  76   1   10.000000    2.066315   -1.748956   -0.230383    0.010568    0.000000     16.0000
  76   2    1.000000  -23.000000    0.000000    0.000000    0.000000    0.000000     28.0000
  76   3    1.000000  -23.000000    0.000000    0.000000    0.000000    0.000000     43.0000
  77   0    1.000000  -23.000000    0.000000    0.000000    0.000000    0.000000      9.1000
  77   1    1.000000  -23.000000    0.000000    0.000000    0.000000    0.000000     17.0000
  77   2    1.000000  -23.000000    0.000000    0.000000    0.000000    0.000000     30.0000
  77   3    1.000000  -23.000000    0.000000    0.000000    0.000000    0.000000     45.0000
  78   0    7.000000    2.550131   -0.614545   -0.280669   -0.602178   -0.174494      9.0000
  78   1    6.000000    1.329317   -1.924455   -0.396040   -0.107157    0.000000     18.5630
  78   2    1.000000  -23.000000    0.000000    0.000000    0.000000    0.000000     35.0000
  78   3    1.000000  -23.000000    0.000000    0.000000    0.000000    0.000000     51.0000
  79   0    1.000000  -23.000000    0.000000    0.000000    0.000000    0.000000      9.2250
  79   1    1.000000  -23.000000    0.000000    0.000000    0.000000    0.000000     20.5000
  79   2    1.000000  -23.000000    0.000000    0.000000    0.000000    0.000000     37.0000
  79   3    1.000000  -23.000000    0.000000    0.000000    0.000000    0.000000     54.0000
  80   0    1.000000   -9.485232  -11.374025   -4.907857   -2.571656   -0.654032     10.4380
  80   1    2.000000   -8.329294  -10.233540   -5.035248   -1.634504   -0.184152     18.7560
  80   2    1.000000  -10.031583  -12.551523   -6.101432   -1.758116   -0.201233     34.2000
  80   3    1.000000  -23.000000    0.000000    0.000000    0.000000    0.000000     53.0000
  81   0    1.000000  -23.000000    0.000000    0.000000    0.000000    0.000000      6.1080
  81   1    1.000000  -23.000000    0.000000    0.000000    0.000000    0.000000     20.4280
  81   2    1.000000  -23.000000    0.000000    0.000000    0.000000    0.000000     29.8300
  81   3    1.000000  -23.000000    0.000000    0.000000    0.000000    0.000000     50.0000
  82   0    1.000000  -23.000000    0.000000    0.000000    0.000000    0.000000      7.4170
  82   1    1.000000  -23.000000    0.000000    0.000000    0.000000    0.000000     15.0320
  82   2    1.000000  -23.000000    0.000000    0.000000    0.000000    0.000000     31.9380
  82   3    1.000000  -23.000000    0.000000    0.000000    0.000000    0.000000     42.3200
  83   0    1.000000  -23.000000    0.000000    0.000000    0.000000    0.000000      7.2890
  83   1    1.000000  -23.000000    0.000000    0.000000    0.000000    0.000000     16.6900
  83   2    1.000000  -23.000000    0.000000    0.000000    0.000000    0.000000     25.5600
  83   3    1.000000  -23.000000    0.000000    0.000000    0.000000    0.000000     45.3000
  84   0    1.000000  -23.000000    0.000000    0.000000    0.000000    0.000000      8.4200
  84   1    1.000000  -23.000000    0.000000    0.000000    0.000000    0.000000     17.0000
  84   2    1.000000  -23.000000    0.000000    0.000000    0.000000    0.000000     29.0000
  84   3    1.000000  -23.000000    0.000000    0.000000    0.000000    0.000000     40.0000
  85   0    1.000000  -23.000000    0.000000    0.000000    0.000000    0.000000      9.0000
  85   1    1.000000  -23.000000    0.000000    0.000000    0.000000    0.000000     19.0000
  85   2    1.000000  -23.000000    0.000000    0.000000    0.000000    0.000000     29.0000
  85   3    1.000000  -23.000000    0.000000    0.000000    0.000000    0.000000     42.0000
  86   0    1.000000  -23.000000    0.000000    0.000000    0.000000    0.000000     10.7490
  86   1    1.000000  -23.000000    0.000000    0.000000    0.000000    0.000000     21.0000
  86   2    1.000000  -23.000000    0.000000    0.000000    0.000000    0.000000     32.0000
  86   3    1.000000  -23.000000    0.000000    0.000000    0.000000    0.000000     42.0000
  87   0    1.000000  -23.000000    0.000000    0.000000    0.000000    0.000000      3.0000
  87   1    1.000000  -23.000000    0.000000    0.000000    0.000000    0.000000     20.0000
  87   2    1.000000  -23.000000    0.000000    0.000000    0.000000    0.000000     32.0000
  87   3    1.000000  -23.000000    0.000000    0.000000    0.000000    0.000000     43.0000
  88   0    1.000000  -23.000000    0.000000    0.000000    0.000000    0.000000      5.2790
  88   1    1.000000  -23.000000    0.000000    0.000000    0.000000    0.000000     10.1470
  88   2    1.000000  -23.000000    0.000000    0.000000    0.000000    0.000000     31.0000
  88   3    1.000000  -23.000000    0.000000    0.000000    0.000000    0.000000     43.0000
  89   0    1.000000  -23.000000    0.000000    0.000000    0.000000    0.000000      5.1700
  89   1    1.000000  -23.000000    0.000000    0.000000    0.000000    0.000000     11.8500
  89   2    1.000000  -23.000000    0.000000    0.000000    0.000000    0.000000     17.0000
  89   3    1.000000  -23.000000    0.000000    0.000000    0.000000    0.000000     43.0000
  90   0    5.000000    3.094001   -2.550048    0.137997    0.124756   -0.050303      6.0800
  90   1    4.000000    3.489999   -2.121218   -0.157925   -0.036939   -0.030266     11.8800
  90   2    5.000000    3.597338   -1.336797   -0.285234   -0.035737   -0.000727     20.0000
  90   3    1.000000  -23.000000    0.000000    0.000000    0.000000    0.000000     28.8000
  91   0    1.000000  -23.000000    0.000000    0.000000    0.000000    0.000000      5.8900
  91   1    1.000000  -23.000000    0.000000    0.000000    0.000000    0.000000     11.6000
  91   2    1.000000  -23.000000    0.000000    0.000000    0.000000    0.000000     18.0000
  91   3    1.000000  -23.000000    0.000000    0.000000    0.000000    0.000000     29.0000
  92   0    1.000000  -23.000000    0.000000    0.000000    0.000000    0.000000      6.0500
  92   1   10.000000    4.424361   -1.273143    0.423249    0.233140    0.020167     11.9000
  92   2   13.000000    4.062548   -2.099136    0.381587    0.292996    0.035753     18.9000
  92   3    1.000000  -23.000000    0.000000    0.000000    0.000000    0.000000     32.1000
