Table 7. from Sauval and Tatum (1984)
 1  0     0.00000     0.30103    -0.00001
 1  1     0.00000     0.00000     0.00000     
 2  0     0.00000     0.00000     0.00000
 2  1     0.00000     0.30103     0.00000
 3  0     0.00128     0.31804    -0.20616     0.91456    -1.66121     1.04159
 4  0     0.00619     0.00801    -0.17135     0.62921    -0.58945
 4  1     0.00289     0.30389    -0.00819
 5  0     0.00319     0.78028    -0.01622
 5  1     0.00377     0.00349    -0.01035
 6  0     0.00375     0.96752    -0.09452     0.08055
 6  1     0.00284     0.77239    -0.02540
 7  0     0.00279     0.60683    -0.08674     0.30565    -0.28114
 7  1     0.00362     0.94968    -0.06463    -0.01291
 8  0     0.00325     0.95033    -0.05703
 9  0     0.00307     0.60405    -0.03025     0.04525
 9  1     0.00072     0.76284    -0.03582    -0.05619
10  0     0.00000     0.00000     0.00000
10  1     0.00033     0.74847    -0.06562    -0.07088
11  0     0.00328     0.30955    -0.17778     1.10594    -2.42847     1.70721
12  0     0.00239     0.00556    -0.12840     0.81506    -1.79635     1.26292
12  1     0.00164     0.30257    -0.00451
13  0     0.00268     0.76786    -0.05207     0.14713    -0.21376
13  1     0.00365     0.00334    -0.00995
14  0     0.00318     0.97896    -0.19208     0.04753
14  1     0.00199     0.75647    -0.05490    -0.10126
15  0     0.00179     0.64618    -0.31132     0.68633    -0.47505
15  1     0.00094     0.93588    -0.18848     0.08921    -0.22447
16  0     0.00376     0.95254    -0.15166     0.02340
16  1     0.00251     0.61971    -0.17465     0.48283    -0.39157
17  0     0.00041     0.74465    -0.07389    -0.06965
17  1     0.00339     0.92728    -0.15913    -0.01983
19  0     0.00209     0.34419    -0.48157     1.92563    -3.17826     1.83211
20  0     0.00388     0.07460    -0.75759     2.58494    -3.53170     1.65240
21  0     0.00581     1.08209    -0.77814     1.78504    -1.39179
22  0     0.00244     1.47343    -0.97220     1.47986    -0.93275
23  0     0.00434     1.68359    -0.82055     0.92361    -0.78342
24  0     0.00449     1.02332    -1.02540     2.02181    -1.32723
25  0     0.00201     0.80810    -0.39108     1.74756    -3.13517     1.93514
26  0     0.00382     1.44701    -0.67040     1.01267    -0.81428
27  0     0.00436     1.52929    -0.71430     0.37210    -0.23278
28  0     0.00392     1.49063    -0.33662     0.08553    -0.19277
29  0     0.00209     0.36884    -0.46740     1.02157    -0.70872
30  0     0.00284    -0.00147    -0.02804     0.16255    -0.17855
30  1     0.00024     0.30123    -0.00062     
31  0     0.00466     0.71314    -0.21023     0.14158    -0.37944
32  0     0.00420     0.88280    -0.40360    -0.23805
33  0     0.00197     0.65368    -0.33297     0.67256    -0.42734
33  1     0.00282     0.77362    -0.56486    -0.26137
34  0     0.00198     0.87375    -0.29536     0.09633
35  0     0.00322     0.66881    -0.15099     0.07533
35  1     0.00254     0.82697    -0.30362     0.17411
37  0     0.00238     0.35139    -0.50067     1.74930    -2.50288     1.24577
38  0     0.00497     0.10160    -0.98646     3.21529    -4.18242     1.84624
39  0     0.00543     0.07605    -0.90007     1.71783    -1.32443
40  0     0.00078     0.51403    -1.10749     0.71584    -0.30517
41  0     0.00093     0.72793    -0.96931     0.84701    -0.77242
44  0     0.00259     0.53544    -0.95790     0.65520    -0.19002
45  0     0.00403     0.42145    -0.73846     0.28160
46  0     0.00548     0.46919    -1.51528     0.26006     2.97576    -2.29501
47  0     0.00379     0.30488    -0.01088
48  0     0.00000     0.00000     0.00000
49  0     0.00262     0.61694    -0.35160    -0.28054     0.29267
50  0     0.00342     0.71534    -0.76319    -0.44970     0.44099
51  0     0.00314     0.67754    -0.39920     0.64590    -0.31914
52  0     0.00203     0.79722    -0.32317     0.26550
53  0     0.00191     0.62732    -0.10487     0.10179
55  0     0.00710     0.40691    -0.96438     2.87484    -3.24127     1.10631
56  0     0.00534     0.40430    -1.93697     2.13107     1.56992    -2.64798
57  0     0.00302     1.43627    -1.44018     0.81057    -0.23872
58  0     0.00170     2.28510    -1.87742     0.23104     0.45862
65  0     0.00302     2.22568    -1.38227     0.91401    -0.22802
67  0     0.00813     1.54615    -1.77233     2.45212     0.48439    -1.98287
70  0     0.00512     0.04191    -0.69224     3.49819    -6.64720     4.20480
71  0     0.00231     0.94528    -0.67678     1.02821    -2.06203     1.54988
72  0     0.00337     1.16596    -1.11790     0.69486
73  0     0.00266     1.23539    -1.44778     0.84884
73  1     0.00081     1.36031    -1.29035     0.13472     0.34727
74  0     0.00348     1.11208    -1.41233     0.27987    -1.21831     1.28689
77  0     0.00349     1.31959    -0.83851     0.55564
78  0     0.00057     1.29756    -0.34013     0.17630    -0.25884
79  0     0.00381     0.38900    -0.44824     0.68920    -0.31529
80  0     0.00132     0.00120    -0.00360
80  1     0.00168     0.30262    -0.00465
81  0     0.00325     0.38523    -0.36653     0.45713    -0.14146
82  0     0.00302     0.19574    -0.92697     0.99476     0.82393    -1.33084
83  0     0.00173     0.62814    -0.20692     0.50277    -0.37664
90  0     0.00633     1.42677    -1.89720     1.03185     0.33964
92  0     0.00299     1.93666    -2.05483     0.90354     2.82611    -2.77207
